[planck]
a_planck = 1.0

[cosmological_parameters]

ombh2 = 0.005 2.2337930E-02  0.1
omch2 = 0.001 1.2041740E-01   0.99
h0 = 0.2   0.6717529   0.8       ;H0 (km/s/Mpc)/100.0km/s/Mpc 
tau =   0.01  5.1464010E-02   0.8
omega_k = 0.0     ;spatial curvature
log1e10As = 1.61 3.0448040E+00  3.91
n_s = 0.9  9.6556980E-01  1.1

mnu = 0.06
num_massive_neutrinos = 1 
nnu = 3.046
; massless_nu = 2.046   ;effective number of massless neutrinos


[planck]
A = 1.0

[halo_model_parameters]
A = 3.13
eta=0.603
